3 7 7 

2 3 1


3

8
00000000
00000000
00001111
00001111
00011111
00111111
00111111
00111111

8
11110000
11110000
00011100
00011100
11110000
11110000
11110011
11110011

20

9
0 0 0 1 1 1 -1 -1 -1
0 0 0 1 1 1 -1 -1 -1
0 0 0 1 1 1 -1 -1 -1
1 1 1 0 0 0 0 0 0
1 1 1 0 0 0 0 0 0
1 1 1 0 0 0 0 0 0
0 1 -1 0 1 -1 0 1 -1
0 -1 1 0 1 -1 0 1 -1
0 1 -1 1 0 -1 0 1 -1

4 3
2 3 5 9
1 4 7

2 1
4 7
1

2 2
3 5
2 9


10
6 3 2 10 10 10 -10 -10 7 3
8
10 9 -5 2 3 4 5 -10

5
6 3 2 10 -10
8
10 9 -5 2 3 4 5 -10

7 3
1 5 2 6 3 7 4
2 5 3
4 4 1
1 7 3

3 2
1 2
3 4
5 6
2 3
-1 -2 0
0 0 3
