9 1000
10 1
9 2
8 3
7 4
6 5
5 6
4 7
3 8
2 9
1 10

4 100
2 2.2
5 0.3
10 1.2
10 0.251

10 100
3 5
3 5
3 5
3 5
3 5
3 5
3 5
3 5
3 5
3 5

100 6216
9 0.041
1 6.334
5 9.169
10 1.478
0 6.962
7 5.705
8 3.281
7 9.961
7 2.995
2 4.827
7 2.391
10 3.902
7 0.292
5 7.421
7 9.718
1 5.447
10 4.771
2 1.869
9 5.667
5 7.035
7 8.703
6 1.322
0 7.673
0 5.141
4 8.253
1 5.547
10 2.662
0 0.037
6 8.723
8 7.529
10 2.316
5 2.190
10 0.288
10 9.040
10 9.264
1 7.446
8 5.890
5 4.370
4 5.006
6 4.393
6 9.629
0 4.084
4 8.756
6 4.966
7 3.931
0 6.944
4 4.626
0 5.537
3 6.118
8 2.929
7 4.833
2 4.639
8 2.704
7 3.977
1 1.673
2 5.021
9 6.924
10 6.270
8 6.777
1 5.097
2 3.986
2 9.161
6 2.355
9 3.655
7 4.031
6 7.350
10 6.941
9 3.966
7 1.107
7 8.007
0 5.457
10 7.753
10 4.945
1 2.209
9 4.221
9 6.422
6 7.506
7 6.413
9 0.900
5 8.762
1 7.410
0 7.624
4 1.548
4 7.595
7 3.602
3 0.291
9 9.374
8 4.596
0 7.348
9 9.668
4 8.281
8 0.053
9 6.418
4 6.900
5 8.127
10 3.728
10 4.648
1 7.807
6 4.310
10 2.813
