2
10 8 17
0 0
1 0
1 1
4 2
4 3
4 5
2 4
3 4
7 4
8 4
9 4
7 5
8 5
9 5
7 6
8 6
9 6
10 10 1
5 5

4
2 3 3 1
1 2 1 3
1 2 3 1
3 1 1 0

10
1 1 1 0 0 0 0 1 1 1
1 1 1 1 0 0 0 0 1 1
1 0 1 1 0 0 0 0 1 1
0 0 1 1 1 0 0 0 0 1
0 0 0 1 0 0 0 0 0 1
0 0 0 0 0 0 0 0 0 1
0 0 0 0 0 0 0 0 0 0
0 0 0 0 1 1 0 0 0 0
0 0 0 0 1 1 1 0 0 0
0 0 0 0 0 0 0 0 0 0

1 1
0
2 2
0 1
1 0
3 2
1 1 1
1 1 1
5 4
1 0 1 0 0
1 0 0 0 0
1 0 1 0 1
1 0 0 1 0
5 4
1 1 1 0 1
1 0 1 0 1
1 0 1 0 1
1 0 1 1 1
5 5
1 0 1 0 1
0 0 0 0 0
1 0 1 0 1
0 0 0 0 0
1 0 1 0 1
0 0

2
8
3 2 7 8 1 4 5 6
10
2 1 3 4 5 6 7 9 10 8

7
6
1 2
2 3
1 5
5 2
5 6
4 7

4 6
110110
110110
111111
111101

4 6
101111
101010
101011
111011

5 3 1
0 -1 0 0 0
-1 -1 0 1 1
0 0 0 1 1

4 4
1 0 0 0
0 0 -1 0
0 -1 0 0
0 0 0 1

6 4
0 0 0 0 0 0
0 0 0 0 0 0
0 0 0 0 0 0
0 0 0 0 0 1

