4   
10 2 3 16
-4 5 -6 37
7 -8 9 25
33 20 54 -76

4   
-10 -15 3 -100
4 5 -63 37
-20 8 -9 13
13 -20 5 -36

4
10 12 4 1
8 5 6 5
11 2 9 10
15 -20 14 -25

4   
10 2 3 16
4 5 6 37
7 8 9 25
33 -20 54 -86

7      
-1123554 121232 654675 55246331 7645321 23134 967564
96213 12132 13215 -6655412 84987613 -65465 -43469
98775 -213478 -2313054 135468 8765432 354687 653213
213158 63521354 6546876 -21546878 54879 -32321 123
84321 214522 164569 98321423 -5431102 -68987 -213549
213548 1213548 -58879 1249987 121546 467871 56487
-800 1320 5795 3156 154468 1348634 9874123

11          
2413556 -312052 3041322 -1107365 4283120 2242042 2082735 -1917936 -1505021
2094943 211345
1561479 3023010 2077242 532090 -4484848 2915280 -1514482 -993836 -876950
-1385388 12458
980712 -4739678 1581926 247962 1022217 4394512 4161656 -694144 3244880 182653
1324
-2506638 3018127 3580889 -3036745 -2835017 3828089 2087923 -2600330 1672872
1776635 1548795
-2953124 -3560442 1805932 2608874 1892605 -3227180 -4486984 -584888 1536149
-388737 10858795
-2675100 622119 -350811 1587725 -3614765 2141331 3463393 1612750 2162388
-3508561 224568
2347026 466780 1895352 -3293711 3864406 4028291 -1157415 -2159948 -2552111
-4463790 25520358
-4606617 3881496 -2034822 892513 105441 2893002 -4977417 3161871 2730338
-1816615 1364458
-3996247 4295022 -3710288 -1671347 -2744072 2994323 266273 3852809 -4701835
4106112 3355499
3966643 3380993 -388959 -1878873 4128086 -2921385 3569292 -1701560 -4179358
189062 -324565
10162365 -156876 322454 9265478 245687 578963 -45678 35874662 9827654 60256795
-323548

